Perimeter 
0, 20, 40, 60, 80, 100, 120, 140, 160, 180, 200, 220, 240, 260, 280, 300, 320, 340, 360, 380, 400, 420, 440, 460, 480, 500, 520, 540, 560, 580, 600, 620, 640, 660, 680, 700, 720, 740, 760, 780, 780, 780, 780, 780, 780, 780, 780, 780, 780, 780, 780, 780, 780, 780, 780, 780, 780, 780, 780, 780, 780, 780, 780, 780, 780, 780, 780, 780, 780, 0, 20, 40, 60, 80, 100, 120, 140, 160, 180, 200, 220, 240, 260, 280, 300, 320, 340, 360, 380, 400, 420, 440, 460, 480, 500, 520, 540, 560, 580, 600, 620, 640, 660, 680, 700, 720, 740, 760, 0, 0, 0, 0, 0, 0, 0, 0, 0, 0, 0, 0, 0, 0, 0, 0, 0, 0, 0, 0, 0, 0, 0, 0, 0, 0, 0, 0, 0
0, 0, 0, 0, 0, 0, 0, 0, 0, 0, 0, 0, 0, 0, 0, 0, 0, 0, 0, 0, 0, 0, 0, 0, 0, 0, 0, 0, 0, 0, 0, 0, 0, 0, 0, 0, 0, 0, 0, 0, 20, 40, 60, 80, 100, 120, 140, 160, 180, 200, 220, 240, 260, 280, 300, 320, 340, 360, 380, 400, 420, 440, 460, 480, 500, 520, 540, 560, 580, 580, 580, 580, 580, 580, 580, 580, 580, 580, 580, 580, 580, 580, 580, 580, 580, 580, 580, 580, 580, 580, 580, 580, 580, 580, 580, 580, 580, 580, 580, 580, 580, 580, 580, 580, 580, 580, 580, 580, 20, 40, 60, 80, 100, 120, 140, 160, 180, 200, 220, 240, 260, 280, 300, 320, 340, 360, 380, 400, 420, 440, 460, 480, 500, 520, 540, 560, 580
Top Left 
180, 180, 180, 180, 180, 160, 140, 120, 120, 120, 120, 120, 120, 120
20, 40, 60, 80, 100, 100, 100, 100, 120, 140, 160, 180, 200, 220
Bottom Left 
80, 80, 80, 100, 120, 140, 160, 180, 200, 220, 240
420, 440, 460, 460, 460, 460, 460, 460, 460, 460, 460
Beside Middle Left 
140, 160, 180, 200, 220, 240, 260, 280, 300, 280, 280, 280, 280
320, 320, 320, 320, 320, 320, 320, 320, 320, 300, 280, 260, 240
Top Middle Left 
280, 300, 320, 340, 360, 380, 400, 420, 440, 440, 440, 440, 440, 440, 440
100, 100, 100, 100, 100, 100, 100, 100, 100, 120, 140, 160, 180, 200, 220
Bottom Right 
400, 400, 400, 400, 400, 400, 400, 400, 420, 440, 460, 480, 500, 520, 540, 560, 580, 600, 620, 560, 560, 560, 560, 560, 560, 560, 560, 560, 560, 560, 560, 560, 560, 560, 560, 560, 560, 560, 580, 600, 620, 640, 660, 680, 680, 680, 680, 680, 680, 680, 680, 680, 680, 680, 680, 680, 680, 680, 680
340, 360, 380, 400, 420, 440, 460, 480, 480, 480, 480, 480, 480, 480, 480, 480, 480, 480, 480, 460, 440, 420, 400, 380, 360, 340, 320, 300, 280, 260, 240, 220, 200, 180, 160, 140, 120, 100, 100, 100, 100, 100, 100, 100, 120, 140, 160, 180, 200, 220, 240, 260, 280, 300, 320, 340, 360, 380, 400

